   1.25194
   1.24178
   1.19999
   1.75591
   1.75780
   1.93927
   1.03969
   1.39858
   1.63694
   1.59319
   1.53704
   1.74696
   1.22919
   1.51535
   1.65519
   1.34832
   1.61401
   1.12748
   1.44002
   1.35254
   1.68907
   1.13936
   1.48344
   1.38203
   1.71669
   1.61171
   1.09008
   1.48999
   1.16927
   1.76172
   1.57508
   1.85627
   2.01960
   2.05929
   1.51287
   2.32705
   1.54331
   1.69248
   1.57724
   1.20067
   1.79272
   1.02495
   1.50853
   1.75669
   1.32087
   1.99914
   1.24613
   1.98922
   1.28316
   1.12397
   1.16312
   1.50312
   1.28853
   1.30599
   1.42908
   1.92114
   1.40729
   1.44270
   1.19319
   2.00053
   1.09136
   1.35150
   1.32304
   1.78319
   1.72055
   1.76788
   1.39547
   1.57982
   1.23882
   1.45108
   1.73899
   1.68304
   1.39799
   1.52252
   1.38822
   2.15672
   1.39787
   1.60420
   1.61648
   1.14886
   1.23533
   1.69710
   1.53636
   1.56038
   0.92834
   1.37989
   1.96143
   1.62167
   1.48603
   1.39999
   1.78226
   1.51160
   1.24222
   1.06145
   2.09555
   1.66712
   1.65369
   1.29940
   1.85139
   1.11799
   1.97121
   1.78347
   1.26797
   1.65064
   1.67714
   1.38119
   1.20502
   1.19458
   1.30319
   1.57964
   1.38048
   1.76611
   1.40379
   1.57030
   1.25001
   1.89859
   1.61629
   1.69399
   1.41659
   1.18445
   1.38922
   1.84359
   2.38600
   0.76186
   1.46625
   1.86088
   2.11289
   0.75028
   1.30666
   1.60188
   1.30494
   1.46960
   1.28479
   1.46062
   1.65343
   1.25341
   1.43571
   1.19018
   1.31162
   1.56823
   1.48144
   1.48316
   1.95056
   1.73246
   1.00639
   1.16864
   1.53403
   1.53856
   1.40235
   1.35527
   1.07248
   1.40785
   1.38156
   2.21020
   1.46276
   1.37514
   1.80845
   2.12127
   1.67085
   1.26369
   2.01160
   1.73977
   1.11302
   1.69154
   1.70461
   1.79278
   0.87587
   1.24009
   2.00077
   0.88046
   1.25096
   1.17516
   1.55780
   1.66213
   2.12166
   1.39396
   0.93129
   1.50170
   1.80617
   1.65405
   1.80491
   1.46645
   1.24087
   1.79530
   2.33773
   1.48168
   1.81404
   1.68362
   1.27715
   1.69428
   2.14929
   1.66109
   1.44647
   2.07654
   1.35596
   1.74969
   1.41445
   0.69924
   2.14985
   1.64967
   1.51024
   1.44280
   2.14973
   1.70961
   1.88237
   1.66000
   1.24404
   1.42838
   1.79708
   1.35207
   1.50806
   1.53065
   1.52845
   2.16712
   0.79164
   1.82931
   1.56898
   2.19452
   1.67522
   1.36032
   1.45941
   1.79237
   1.10870
   1.72177
   1.09686
   1.30377
   1.51173
   1.59858
   2.05139
   1.49992
   1.86140
   1.95509
   1.64549
   1.12003
   1.86810
   1.60733
   0.97156
   1.22665
   1.16212
   1.16987
   2.18255
   1.62811
   1.86361
   1.72781
   1.72996
   1.84339
   1.21879
   1.34671
   1.61601
   1.18396
   1.23872
   1.41512
   1.52001
   2.00015
   1.27378
   2.48760
   1.26723
   1.04696
   1.59123
   1.42836
   1.79645
   1.52713
   2.26641
   2.03651
   1.77566
   1.67709
   1.61740
   1.82737
   1.38655
   1.73270
   1.53595
   2.02970
   1.84935
   1.45251
   1.57387
   1.60246
   1.75387
   1.38023
   1.37202
   1.60353
   1.31153
   1.69502
   1.21245
   1.68318
   1.34364
   1.21974
   1.27856
   1.43606
   1.56203
   1.68947
   1.64736
   1.58048
   2.08807
   1.64235
   1.42599
   1.61348
   1.45177
   1.02598
   1.90065
   1.32778
   1.40332
   1.34343
   1.66910
   1.21716
   1.16186
   1.34331
   1.52296
   1.63567
   1.66585
   1.09745
   1.87784
   1.74692
   1.40592
   1.98018
   1.62835
   1.55357
   1.24493
   1.66496
   1.48141
   1.73611
   1.86333
   1.88183
   1.24981
   1.78205
   1.41682
   1.45456
   1.45827
   1.47047
   0.87217
   0.92284
   1.86259
   1.75929
   1.68784
   1.26763
   1.94386
   0.93605
   1.45386
   2.08596
   1.53314
   1.57698
   1.38642
   1.33262
   1.43467
   1.28224
   1.37318
   1.23375
   1.65348
   1.87173
   1.03424
   1.34345
   1.57446
   1.64252
   1.48192
   1.19267
   1.50777
   1.29317
   1.28395
   0.79378
   0.98837
   1.51316
   1.87649
   2.05289
   1.42675
   1.36371
   1.36841
   1.93091
   1.32789
   1.28411
   1.28820
   1.15707
   1.51599
   1.38834
   1.69423
   2.11275
   1.65585
   1.58238
   1.00722
   1.06352
   1.29685
   1.66501
   1.72577
   1.66253
   1.47864
   1.19786
   1.55639
   1.65032
   1.32977
   1.54085
   1.39235
   1.51240
   1.78626
   1.46417
   1.39730
   1.72373
   1.39518
   1.44177
   1.39816
   1.37474
   1.62918
   1.34603
   0.76368
   1.62604
   1.43456
   1.10610
   1.69146
   0.93388
   2.12590
   1.75231
   1.49482
   1.49049
   1.82106
   1.78229
   1.43416
   1.53474
   1.93101
   1.27383
   1.68035
   1.46925
   2.11227
   1.36531
   2.41462
   1.42525
   1.33685
   1.18269
   1.11630
   1.85505
   1.74016
   1.52485
   0.86906
   1.88310
   1.93223
   1.42036
   1.32962
   1.16402
   1.43582
   1.10175
   1.32004
   1.93263
   2.33653
   1.51258
   1.40640
   1.39181
   1.60056
   2.17489
   1.29031
   2.32235
   1.24538
   1.57797
   1.33062
   1.08811
   0.73217
   1.11743
   2.19866
   1.71299
   1.13627
   1.68797
   1.49721
   1.59645
   1.01946
   1.25344
   1.82955
   1.03078
   1.47591
   1.76776
   1.58212
   1.64811
   1.40413
   1.27509
   1.26789
   2.28587
   1.76877
   1.22499
   1.27797
   1.54532
   1.30820
   1.85216
   2.04108
   1.64014
   1.33876
   1.58662
   1.20415
   1.57157
   1.52678
   1.68804
   1.23238
   1.36735
   1.77530
   1.20133
   1.63818
   1.58877
   2.30909
   1.46451
   1.76851
   1.30390
   1.21924
   1.71726
   1.24945
   1.49832
   1.74630
   1.19505
   1.56434
   1.61263
   1.50593
   1.43611
   1.61820
   1.52516
   1.82802
   1.23024
   1.61106
   1.87197
   1.39761
   1.71134