  -2.01922
  -2.56973
  -1.63399
  -1.64035
  -2.46705
  -1.55478
  -1.03851
  -0.67507
  -2.03118
  -2.02764
  -2.85592
  -1.83098
  -1.65308
  -1.48957
  -2.08211
  -4.29927
  -2.25644
  -0.87028
  -0.95025
  -2.59427
  -2.85255
  -2.26862
  -1.06212
  -1.05925
  -2.13349
  -1.44150
   1.63546
  -1.01089
  -2.34253
  -2.64804
  -1.64024
  -2.04596
  -1.45784
  -1.37232
  -1.59994
  -0.86865
  -1.14680
  -1.78797
  -1.68485
   1.73620
  -1.52142
  -0.07032
  -3.83745
  -2.07610
  -0.82317
  -0.72436
  -1.09147
  -2.04747
  -2.31319
   0.02814
  -1.89428
  -0.45511
   0.15392
  -1.38045
  -1.53938
  -2.09438
  -1.54048
  -1.14664
  -1.86450
  -1.45861
  -0.82256
  -1.05140
  -1.51087
  -2.87587
  -0.80056
  -0.75085
  -0.65300
  -1.98090
  -0.15144
  -1.47028
  -1.68526
   0.23224
  -1.80478
  -3.59567
  -0.55878
  -3.02985
  -2.43362
  -1.49867
  -1.67213
  -0.67623
  -3.06557
  -1.38302
  -2.39783
  -1.91293
  -0.11286
  -1.41304
  -1.84325
  -2.23495
  -2.14491
  -0.93994
  -1.00009
  -1.57530
  -1.91193
  -1.01509
  -1.68439
  -1.35184
  -0.71477
  -1.75795
  -1.85553
  -1.52223
  -0.22044
  -1.83491
  -1.94096
  -1.76540
  -0.55478
  -2.33007
  -0.52425
  -0.06176
  -1.68338
  -2.07838
  -4.04897
  -0.39489
  -2.88905
  -1.81825
  -2.37986
  -2.10358
  -4.64026
  -1.49241
  -3.35968
  -1.15071
  -3.38821
  -2.63438
  -1.97285
  -0.94951
  -1.65889
  -1.18748
  -3.03248
   0.66883
  -1.17905
  -1.59592
  -0.88998
  -1.25013
  -0.87370
  -1.37028
  -2.10328
  -1.77364
  -0.68537
  -2.15127
  -0.59724
  -0.88877
  -1.31022
  -1.84504
  -1.48629
  -1.98985
   0.23236
  -2.60590
  -2.51380
   0.77402
  -2.97392
  -1.96579
  -0.55062
  -0.46479
  -1.94818
  -3.65728
  -3.20607
  -1.87928
  -2.34032
  -1.93625
  -2.78010
  -1.58696
  -2.11995
  -3.00617
  -2.26927
  -2.44092
  -1.78105
  -1.80234
  -0.29404
  -1.92019
  -0.44928
  -1.94934
  -0.02866
  -2.75782
  -1.84175
  -2.01479
  -1.71593
  -0.98803
  -0.68288
  -1.37160
  -4.04426
  -0.33138
  -1.23213
  -1.72348
  -1.65126
  -1.75745
  -2.48703
  -0.91398
  -1.39627
  -2.08789
  -1.31388
  -2.77639
  -0.88506
  -1.59822
  -2.60871
  -2.03800
  -1.76635
  -0.69493
  -1.07844
  -0.54199
  -1.74558
  -1.42162
   0.11811
  -0.47674
  -1.77111
  -2.36743
  -0.55238
  -1.70543
  -0.86179
  -0.30112
  -2.13926
  -1.21890
  -1.23154
  -1.15966
  -3.35776
  -1.86064
  -0.09198
  -1.52667
  -2.25293
  -3.07893
  -1.77607
  -1.67511
  -1.66840
  -2.15695
  -1.37527
  -2.32268
  -3.13815
  -0.74681
   0.94973
  -1.38720
  -2.84801
  -1.10530
  -3.04760
  -1.82611
  -1.68814
  -1.35626
  -2.15606
   1.12601
  -0.06771
  -1.35581
   0.04117
   1.24442
  -1.06763
  -1.73583
  -2.02087
  -3.39134
  -3.32525
  -1.84978
  -2.68354
  -0.97314
  -2.44741
  -2.69731
  -0.33949
  -0.86388
  -0.97582
  -1.42383
  -0.24847
  -1.44421
  -1.47487
   0.19115
  -1.44398
  -2.39412
  -2.18680
  -2.16982
  -2.92358
  -1.68170
  -2.36390
  -3.03708
  -3.47402
  -1.61151
  -1.66767
  -2.76401
  -2.12008
  -1.61278
  -1.13190
  -3.10789
  -1.15158
  -1.72654
  -1.68387
  -1.58566
  -1.17282
  -1.76763
  -1.75359
  -1.48489
  -2.00892
  -1.33910
  -2.53637
  -1.81855
  -1.54246
  -1.65776
  -1.77761
  -1.90334
  -1.12598
  -1.20603
  -1.96864
  -1.26780
  -1.81710
  -1.16970
  -1.46906
  -2.57882
  -1.43029
  -1.21731
  -1.84682
  -0.94181
  -2.55849
   0.84077
  -1.68708
  -1.34955
  -1.82688
  -2.03260
  -0.80022
  -1.06143
  -1.91739
  -1.62773
  -1.54059
  -1.88328
  -0.96251
  -0.87581
  -2.41644
  -1.78697
  -1.88612
  -1.85737
  -0.52268
  -2.68364
  -0.99139
  -2.52430
  -2.47344
  -3.51229
  -1.30724
   0.08717
   0.51921
  -2.00208
  -1.40532
  -1.18219
  -2.14409
  -1.23882
  -1.94662
  -1.02001
  -0.79240
  -1.67326
  -1.21687
  -1.66560
  -2.46114
  -1.56585
  -0.56536
  -2.07732
  -1.91021
  -0.46947
  -0.87487
  -1.52299
  -0.85040
  -0.89021
  -1.35841
  -1.10163
  -1.64486
  -3.22072
  -1.97132
  -1.13903
  -1.62002
   0.74127
  -1.44485
  -2.41223
  -1.89035
  -1.14883
  -2.85060
  -1.17102
  -1.41144
  -2.02535
   0.97017
  -1.36104
  -1.58921
   0.67379
  -1.05168
  -1.64890
  -0.96177
  -1.28718
  -2.54038
  -1.33099
  -0.54028
  -0.94905
  -2.52232
  -1.71221
  -1.86094
  -2.50751
  -1.12284
  -0.28999
  -1.01360
  -2.42614
  -1.77874
  -5.07445
  -1.18957
  -1.76591
  -2.78906
  -0.54168
  -1.60258
  -2.22613
  -1.96661
  -0.91955
  -3.01394
  -1.75303
  -1.82123
  -1.49780
  -1.23672
  -3.07324
  -1.54487
  -2.10179
  -1.66411
   2.07410
  -2.71554
  -1.61929
  -2.42181
  -1.26724
  -1.65153
  -1.12129
  -1.58207
  -1.52033
  -2.03076
  -1.69512
  -1.25453
  -1.91387
  -2.15280
  -1.93772
  -0.33333
  -0.59176
  -1.64526
  -2.04802
  -0.38460
  -1.30268
  -0.77128
  -2.60746
   3.46551
  -1.36937
  -0.57627
  -0.99773
  -0.81790
  -3.45617
  -2.25843
  -2.87002
  -1.67728
  -1.06854
  -2.76906
  -2.36736
  -2.09884
  -2.86572
  -1.53596
  -1.70453
  -1.88304
  -2.82115
  -0.58613
  -0.44043
  -2.31044
  -1.28554
  -1.10646
   0.36968
  -1.73803
  -1.04692
  -1.81779
  -0.81652
  -2.17332
  -2.17127
   4.05946
  -2.33060
  -0.63965
  -0.00288
  -2.61420
  -2.49791
  -0.72234
  -1.18024
  -1.83499
  -0.02242
  -2.75705
  -0.58905
  -1.98646
  -1.70841
  -1.40835
  -2.02322
  -1.08999
  -0.95908
  -0.95161
  -1.21062
  -0.96066
  -0.55114
   0.00149
  -2.45981
  -2.63270
  -1.79118
  -1.70031
  -1.53559
  -1.61401
  -3.53164
  -3.06362
  -0.88453
  -2.19130
  -2.04043
  -2.69024
  -2.89306
  -1.23589
  -1.56188
  -2.18939
  -1.84922
  -1.16697
  -1.86408
  -1.91058
  -2.57159
  -0.96669
  -1.46533
   0.43624
  -1.48145
  -3.65955
  -2.35930
  -1.62211
  -1.19026
  -0.84050
  -1.90195