   2.41225
   2.31698
   2.17959
   3.71799
   2.54502
   3.94761
   2.62389
   2.89424
   2.17671
   2.34286
   2.45921
   2.15380
   1.58826
   1.98559
   1.53257
   2.29472
   1.63311
   1.58756
   1.49506
   2.25513
   2.00293
   1.06573
   1.69507
   1.57694
   1.89754
   2.73444
   2.07345
   3.01182
   1.93057
   3.14729
   2.45549
   1.84259
   2.46000
   2.56979
   2.23562
   3.25316
   4.00994
   1.81481
   1.97779
   3.06964
   2.52409
   2.89638
   1.83587
   1.44934
   3.17546
   2.64818
   2.05988
   1.70287
   2.03654
   1.42415
   2.69547
   1.72966
   3.10158
   1.76535
   2.33418
   1.87382
   2.59382
   2.69309
   1.97363
   3.00472
   2.18209
   1.93767
   1.91112
   2.82984
   1.81023
   1.92386
   2.99384
   2.01978
   1.93190
   1.82046
   1.84570
   1.44943
   1.96293
   2.97470
   6.30445
   1.86424
   2.24829
   2.26355
   3.88975
   1.99710
   1.74041
   2.37890
   3.43128
   2.43793
   1.41354
   2.55874
   1.76634
   3.05784
   2.03445
   4.06690
   2.07409
   2.09187
   2.47858
   2.28901
   2.53361
   1.85190
   1.82394
   1.85049
   2.28835
   2.55813
   2.18225
   2.53770
   2.38955
   1.64840
   1.63326
   2.00572
   3.08153
   1.79299
   2.25818
   2.11647
   1.84661
   1.86925
   2.06671
   1.59274
   3.93526
   2.89185
   2.24877
   2.62848
   2.22465
   2.30011
   1.83493
   1.29293
   2.31610
   2.60999
   1.57813
   1.96430
   2.22068
   2.09876
   3.01447
   2.96453
   1.87774
   2.38482
   8.39523
   1.73722
   1.72755
   1.83008
   1.54477
   2.27533
   1.83958
   1.98920
   3.15386
   2.22928
   1.60973
   2.18021
   2.15696
   2.64530
   1.95807
   3.59391
   2.06262
   3.00118
   2.68715
   1.90483
   2.73067
   2.29973
   2.14720
   3.66625
   1.65916
   2.62110
   2.84897
   3.49165
   2.18732
   1.80768
   3.92787
   2.18163
   2.33614
   3.71191
   2.16475
   2.18231
   1.81049
   1.74376
   2.01042
   2.34775
   2.15933
   2.18779
   2.27723
   1.87130
   1.86225
   2.92725
   1.49034
   2.32609
   1.73706
   2.54944
   2.32555
   2.71745
   1.33915
   2.93748
   2.01846
   2.63795
   2.35474
   2.95026
   4.20733
   2.50826
   2.51593
   1.50969
   3.28767
   2.09299
   3.67343
   2.84264
   2.78494
   3.53303
   1.79051
   4.06575
   3.79837
   1.96782
   2.30540
   2.56951
   2.05245
   2.89961
   2.63482
   1.85482
   3.08027
   1.87303
   2.01222
   2.09362
   1.83684
   1.51084
   2.53711
   2.48229
   1.41568
   2.18797
   2.05739
   1.75210
   2.66041
   2.29785
   2.23672
   2.13721
   2.75500
   3.46759
   2.35153
   2.36343
   2.16133
   4.00666
   2.79374
   1.86404
   1.65178
   2.20750
   2.10075
   2.36865
   2.02852
   3.74903
   2.71415
   2.90137
   3.87936
   2.54613
   1.42646
   2.28138
   2.00820
   4.72903
   1.68791
   2.09499
   2.46063
   1.79583
   2.44559
   2.71349
   2.36981
   5.20236
   1.97954
   1.14573
   3.01398
   2.33778
   1.58209
   2.84682
   2.63861
   2.75714
   3.64550
   2.67851
   2.15255
   2.24896
   1.32738
   1.72127
   1.63728
   2.64178
   1.67328
   2.75836
   2.21136
   3.60625
   1.62994
   1.57994
   3.55934
   2.22418
   1.81245
   2.69245
   2.07902
   2.74537
   1.89928
   2.34619
   1.79774
   2.29527
   2.19142
   2.09473
   3.44688
   2.27016
   1.97831
   1.85427
   2.74102
   1.82794
   2.65804
   3.25404
   1.90489
   1.51015
   2.25692
   2.38874
   2.28191
   1.72745
   3.10600
   1.86799
   2.26533
   2.64403
   2.51778
   3.11669
   2.39039
   2.24941
   1.90835
   2.44240
   2.46298
   1.76108
   3.52464
   2.18765
   1.67192
   1.70804
   1.41378
   1.52157
   1.28067
   2.27999
   2.07666
   2.05569
   2.18442
   3.07115
   2.32823
   1.98005
   1.59701
   2.02580
   2.41571
   2.93839
   3.27260
   1.82001
   1.70439
   3.07971
   2.25504
   1.75660
   2.30107
   1.57509
   1.77599
   1.40045
   2.59033
   1.35731
   1.79959
   2.22496
   2.17787
   3.53033
   1.78280
   2.12127
   1.52394
   3.06646
   4.05540
   3.91542
   2.85207
   2.84393
   2.67219
   5.60852
   2.02520
   2.05881
   2.19965
   5.03656
   1.79974
   3.21607
   3.23308
   1.92325
   1.59095
   1.90491
   2.56988
   2.19939
   2.18107
   1.77774
   4.25745
   2.39034
   3.01693
   2.56499
   4.56775
   2.37665
   1.37440
   2.49703
   1.94246
   1.75414
   1.88073
   2.75305
   1.90299
   1.69875
   2.62656
   2.93293
   2.87401
   2.82364
   2.91101
   2.22724
   2.27707
   2.16167
   2.15704
   2.50051
   2.20561
   2.15560
   1.72702
   2.99182
   2.13072
   1.50931
   2.03146
   2.33882
   2.20457
   2.60665
   1.75106
   2.12072
   1.75444
   1.73912
   2.41505
   1.94985
   1.68456
   3.46708
   2.65754
   2.47260
   1.86065
   2.73316
   1.89670
   2.75183
   2.66806
   1.45727
   2.56789
   1.80904
   3.73582
   1.90764
   4.68462
   2.23625
   2.18409
   2.04478
   2.63978
   2.77096
   2.00313
   1.90960
   1.68519
   2.66827
   2.10098
   2.40228
   2.00722
   3.65177
   2.23929
   1.87191
   2.46763
   2.11708
   3.35927
   2.72928
   2.48403
   2.19781
   1.70271
   2.25862
   4.09350
   2.05740
   2.48607
   2.51905
   2.62905
   1.71468
   2.47430
   1.82364
   1.89697
   2.84932
   2.38619
   1.79334
   2.90365
   2.13220
   2.41709
   2.08885
   3.81132
   1.99160
   2.29013
   1.30893
   2.26778
   1.81967
   1.52781
   3.09246
   2.01298
   2.86349
   3.34942
   2.83563
   4.12471
   2.30439
   2.40401
   2.75574
   2.21117
   2.32005
   1.68080
   2.00096
   2.39788
   2.41104
   3.26062
   2.38756
   2.07692
   2.24519
   1.70855
   1.72142
   2.89332
   2.81343
   2.11900
   2.79557
   2.22235
   2.16545
   1.29591
   2.77942
   3.37998
   2.20534
   1.66558
   1.95562
   2.61615
   2.62043
   1.97294
   2.15992
   2.90379
   1.66484
   2.72653
   1.81949
   1.76749
   2.48613
   1.55157
   2.07511
   2.14006
   1.74397
   2.12451
   2.05887
   2.12397
   1.85988
   1.64431
   2.57593
   1.88303
   2.10032
   2.38497
   1.94594
   2.01653
   2.84329
   3.55851
   2.02806
   1.74820
   2.29070
   2.57998
   2.90626
   1.81641
   1.66882
   2.28091
   2.81070
   1.66051
   2.15300
   4.74515
   3.19592
   2.82727
   1.97240
   1.57022
   2.25406
   2.25476
   2.17602
   1.90106
   1.82321
   2.54852
   1.88698
   2.79699
   1.89478
   3.15678
   2.10704
   3.16873
   1.78420
   1.90802
   2.08334
   1.85662
   2.73504
   1.92325
   2.07686
   3.17365
   2.61016
   2.14592
   2.80530
   2.35324
   2.05264
   2.12543
   1.81131
   1.96099
   3.42424
   1.36320
   2.11693
   3.21430
   2.04277
   2.62551
   2.93097
   1.48609
   2.08733
   2.19201
   2.00923
   2.91800
   3.92184
   2.41120
   2.11620
   2.17928
   2.51651
   2.47413
   2.73214
   2.23782
   3.24395
   3.00495
   1.82060
   3.12057
   1.84104
   2.59200
   3.13788
   2.71849
   3.92300
   1.97151
   1.52773
   2.10474
   2.10987
   2.90878
   2.48963
   2.71034
   2.20250
   2.69083
   2.29633
   2.18470
   2.10240
   2.20238
   4.25962
   2.34215
   3.56664
   1.69101
   1.80484
   1.37962
   1.28567
   1.39581
   1.37827
   2.72537
   2.61615
   2.04339
   1.95587
   2.09438
   1.57598
   2.27073
   1.58649
   1.56772
   1.70819
   1.99484
   2.14888
   6.65188
   1.80948
   1.84105
   1.99161
   1.67166
   3.15475
   2.33445
   5.27454
   2.46024
   2.88154
   1.80327
   1.77969
   1.07618
   1.37496
   2.21157
   2.43880
   2.55618
   2.05602
   2.59296
   1.30968
   2.83056
   1.66929
   1.94850
   2.32880
   2.86059
   2.35425
   1.66864
   1.98713
   2.39733
   2.05988
   1.39635
   3.42961
   2.60177
   2.07695
   2.44429
   2.03667
   2.04327
   3.78967
   2.56673
   1.89879
   1.54357
   1.68840
   3.79624
   1.99253
   2.62563
   4.92590
   2.14347
   1.45570
   1.55538
   1.30260
   2.25934
   1.46982
   2.34799
   1.88201
   2.08040
   1.84406
   1.74582
   2.11165
   1.88396
   1.77543
   2.83525
   2.84566
   1.48852
   1.63206
   2.53026
   1.66306
   2.30023
   2.05259
   1.99111
   2.28975
   2.00913
   1.69021
   1.60359
   1.96684
   1.93923
   2.04214
   3.27175
   3.80784
   2.49939
   2.45103
   2.20914
   2.05196
   1.94122
   2.56800
   1.45685
   1.67819
   4.34718
   1.85247
   1.78940
   2.19499
   3.02108
   2.92515
   1.89089
   2.93504
   2.88934
   2.11082
   2.91989
   1.89432
   2.56688
   1.82072
   3.50760
   1.98244
   1.64836
   3.20875
   3.30936
   4.07838
   2.52579
   1.83094
   2.59386
   2.48358
   2.10075
   1.51359
   1.99181
   2.36989
   1.98728
   1.95828
   4.61916
   1.51975
   1.42850
   1.68587
   1.63449
   4.04515
   1.71083
   3.92922
   1.70691
   2.05349
   1.73104
   1.57234
   3.12392
   2.48083
   1.53445
   1.92393
   2.00635
   2.04171
   2.14931
   2.00274
   3.21903
   2.64024
   1.65493
   8.35486
   1.06684
   2.86335
   1.92073
   1.58726
   2.29080
   2.08220
   2.12924
   2.07891
   2.79103
   1.94055
   4.37133
   2.97039
   2.49541
   3.45569
   1.50997
   1.76985
   1.48307
   3.16822
   2.24936
   3.74323
   2.36046
   2.96349
   3.12961
   2.82776
   1.98651
   2.04270
   1.77929
   2.79996
   2.23189
   1.83608
   2.64382
   1.73618
   2.07671
   2.98132
   3.64705
   1.92660
   3.10076
   1.77691
   3.71277
   2.45828
   2.66322
   2.41695
   1.91911
   3.70249
   3.62745
   2.33484
   2.46783
   3.71524
   1.70520
   2.44943
   1.58376
   1.76921
   2.58094
   1.42872
   1.41928
   2.33564
   1.91729
   2.00001
   1.89269
   2.92135
   2.83212
   3.26328
   1.72673
   1.83674
   1.79103
   2.59016
   2.04582
   2.52085
   2.41213
   1.92219
   2.42929
   1.47446
   1.29751
   2.26822
   2.86324
   2.39238
   1.41128
   2.47600
   2.31672
   2.62786
   3.35015
   2.26960
   2.08019
   1.72426
   2.21864
   1.90896
   1.50680
   2.08930
   3.25224
   2.39723
   1.98592
   2.21603
   1.76999
   2.01234
   2.74160
   2.38471
   3.37656
   2.04827
   3.31644
   2.21632
   1.82972
   2.16519
   2.47220
   2.93564
   1.81192
   2.26975
   2.32865
   2.86335
   2.02817
   2.06640
   2.21905
   2.03061
   2.48739
   2.26925
   1.41524
   2.48801
   2.86789
   2.34978
   1.70512
   2.35806
   3.02130
   1.95279
   2.11356
   2.50563
   3.47731
   2.51517
   2.26548
   2.09244
   2.75616
   2.73098
   2.94908
   2.35661
   2.77036
   1.85054
   2.01799
   1.94536
   2.58015
   2.23628
   2.38601
   1.94408
   3.46587
   1.19093
   1.91851
   2.16465
   2.84202
   2.17433
   2.76115
   2.63913
   2.18654
   2.35960
   2.72877
   4.19036
   2.22322
   2.20692
   2.19204
   2.49356
   3.14798
   2.48546
   2.04981
   1.67254
   1.63177
   2.52114
   1.92406
   4.28824
   3.06439
   2.11494
   3.16260
   2.28703
   1.99078
   1.53821
   1.81571
   3.08096
   1.67229
   1.87173
   2.02322
   1.64690
   2.85605
   2.01978
   3.11189
   2.36848
   1.96969
   2.13038
   2.56134
   1.67431
   2.50906
   1.88440
   1.67398
   2.50146
   1.45910
   2.37405
   1.49648
   1.84259
   2.29623
   2.50283
   2.87999
   2.91034
   1.68823
   1.37989
   2.80533
   2.46792
   2.31846
   2.59841
   2.56173
   1.80623
   1.79476
   2.09835
   3.70885
   2.93534
   2.32071
   4.17020
   2.35745
   1.79468
   1.73668
   1.83838
   1.90621
   2.51881
   1.58390
   1.91131
   3.22409
   3.62888
   1.84519
   2.68578
   2.55845
   2.28957
   2.38893
   2.29261
   1.83018
   1.45332
   3.55232
   2.48413
   2.22553
   1.78737
   3.65765
   1.81961
   3.74223
   2.53280
   1.68978
   3.24374
   3.35070
   1.99021
   2.90464
   1.92806