  -1.94118
  -0.86547
  -1.03087
  -2.14789
  -2.90529
  -3.83123
  -0.60220
  -1.36081
  -2.09155
  -2.22559
  -2.15982
  -2.56036
  -1.25120
  -2.44030
  -2.61545
  -1.15772
  -2.48493
  -1.00031
  -1.80186
  -1.89555
  -2.02882
  -1.14104
  -1.88391
  -1.81311
  -2.14432
  -1.82002
  -0.87474
  -2.39377
  -1.34410
  -2.47959
  -2.07821
  -2.36781
  -3.86759
  -3.27932
  -2.01630
  -4.34182
  -2.02981
  -2.85310
  -2.51619
  -1.46118
  -2.88786
  -0.71781
  -1.81310
  -2.66366
  -1.36883
  -2.12022
  -1.65659
  -2.75397
  -1.77693
  -0.65601
  -1.09742
  -2.18306
  -1.51659
  -0.88219
  -2.58316
  -3.90971
  -1.57352
  -2.19569
  -0.52908
  -2.51773
  -1.31611
  -2.40462
  -1.50704
  -1.55452
  -3.46032
  -1.42298
  -1.51186
  -2.32586
  -1.21308
  -1.48694
  -1.79418
  -1.95464
  -1.55764
  -1.23198
  -1.39666
  -3.87896
  -1.46678
  -2.21770
  -1.95983
  -1.26017
  -1.76863
  -2.43440
  -2.75117
  -1.91224
  -0.37882
  -1.95012
  -3.35172
  -1.41751
  -2.25615
  -1.82893
  -1.65123
  -1.63066
  -1.09063
  -0.84131
  -3.20701
  -2.38894
  -1.54769
  -1.76218
  -3.37617
  -0.68594
  -2.27616
  -2.88943
  -2.00479
  -1.87290
  -1.59847
  -1.12432
  -0.61997
  -1.17905
  -1.68009
  -2.28861
  -1.11092
  -1.95922
  -2.01160
  -1.61754
  -0.43682
  -2.93795
  -1.35292
  -1.95008
  -1.69512
  -1.16818
  -1.59553
  -3.19587
  -3.72975
  -0.76980
  -1.16686
  -2.56754
  -2.87517
  -0.63655
  -0.77210
  -2.67709
  -1.28824
  -1.57561
  -1.63846
  -1.30015
  -2.61433
  -1.48422
  -1.22770
  -1.32572
  -1.18196
  -1.64305
  -2.54827
  -1.67773
  -3.15385
  -1.81134
  -0.35882
  -0.95966
  -2.46281
  -2.67705
  -2.00127
  -1.51982
  -0.83734
  -1.64811
  -2.76471
  -3.49089
  -2.44180
  -2.03950
  -2.85099
  -3.53675
  -2.54868
  -1.38916
  -3.00787
  -2.70048
  -0.74082
  -2.53491
  -2.51395
  -2.77188
  -0.81043
  -0.48871
  -3.00448
  -0.27110
  -0.96709
  -1.28077
  -1.81983
  -1.80798
  -3.75460
  -1.91678
  -0.32401
  -1.58794
  -1.21911
  -2.16011
  -2.70962
  -2.19685
  -0.72686
  -2.58528
  -4.79147
  -1.14882
  -2.82135
  -2.38440
  -1.00360
  -2.42121
  -3.69772
  -2.25661
  -1.69796
  -3.60426
  -1.44152
  -2.02891
  -1.12433
   0.11167
  -3.98726
  -2.53200
  -2.15093
  -1.84816
  -3.91391
  -2.00263
  -2.46206
  -2.23524
  -1.11521
  -1.75212
  -2.29722
  -1.27566
  -1.16419
  -1.38563
  -2.43959
  -2.92516
  -0.28823
  -2.80529
  -1.98769
  -4.28582
  -1.56620
  -1.83158
  -2.26082
  -2.46603
  -0.63971
  -2.75198
  -0.61661
  -0.73293
  -1.99091
  -2.08057
  -3.35976
  -2.06198
  -2.60574
  -3.26892
  -2.18049
  -1.15531
  -2.78745
  -2.28098
  -0.55663
  -1.12692
  -0.99920
  -0.94379
  -3.68288
  -2.39642
  -2.18129
  -2.37836
  -1.78945
  -2.92424
  -0.66609
  -1.61870
  -1.64057
  -1.02610
  -0.67038
  -1.28882
  -1.56656
  -2.91183
  -0.94054
  -4.23058
  -2.19795
  -0.75611
  -2.48654
  -2.46051
  -3.63533
  -2.15206
  -3.78391
  -3.17485
  -2.68998
  -2.13259
  -2.21515
  -2.52218
  -1.26090
  -2.80638
  -3.12559
  -2.46915
  -2.31952
  -2.34285
  -1.43670
  -2.36443
  -1.88459
  -1.44701
  -1.48058
  -2.41000
  -0.85042
  -2.62366
  -1.22419
  -2.70213
  -1.79071
  -1.81112
  -1.74206
  -1.41009
  -2.14427
  -2.83536
  -1.96200
  -2.46429
  -3.23818
  -2.37853
  -1.86771
  -2.36739
  -2.27237
  -0.78102
  -2.74754
  -2.01700
  -1.89472
  -1.34907
  -1.75829
  -1.09217
  -0.96187
  -1.82370
  -2.33980
  -2.43672
  -1.55524
  -1.66603
  -3.06672
  -2.22635
  -1.03976
  -2.00352
  -1.52966
  -1.97464
  -1.51455
  -1.81478
  -1.89039
  -2.62281
  -2.04040
  -2.60613
  -1.47824
  -1.84957
  -2.04680
  -1.59816
  -1.56019
  -1.64494
  -0.56234
  -0.61804
  -3.12626
  -2.28567
  -2.14698
  -0.94266
  -2.86859
  -0.19273
  -1.32995
  -3.76900
  -1.79025
  -2.26484
  -1.22735
  -0.95730
  -1.74000
  -1.06363
  -1.88507
  -0.79565
  -1.21904
  -4.01672
  -0.53361
  -0.95921
  -1.93308
  -2.55205
  -2.36428
  -1.05558
  -1.65473
  -1.46327
  -1.31501
  -0.84613
  -0.71734
  -2.37037
  -2.58584
  -3.68660
  -1.61503
  -1.90958
  -1.10079
  -3.17642
  -1.48843
  -1.44185
  -1.22042
  -1.06921
  -2.07604
  -1.51414
  -1.90909
  -3.83404
  -2.63295
  -2.16403
  -0.84491
  -0.96830
  -1.51564
  -2.69255
  -1.86404
  -2.72410
  -2.08060
  -0.85023
  -2.31358
  -2.55084
  -1.24912
  -1.67214
  -1.37222
  -1.62069
  -3.04371
  -1.87998
  -1.31226
  -2.18612
  -1.96770
  -1.38570
  -0.97743
  -1.24697
  -2.76355
  -1.39697
  -0.38913
  -2.02718
  -1.95271
  -1.07374
  -2.37603
  -0.24755
  -4.19849
  -1.78284
  -2.09330
  -2.19072
  -3.43284
  -2.34038
  -1.66305
  -2.22973
  -2.48920
  -1.73839
  -2.07901
  -1.55323
  -4.06189
  -1.17695
  -4.87759
  -1.57437
  -1.46949
  -1.03480
  -0.80039
  -3.28529
  -2.04393
  -2.28155
  -0.87632
  -2.81172
  -2.56026
  -1.44964
  -1.55198
  -0.66621
  -1.76746
  -0.77187
  -1.52072
  -3.45442
  -5.42717
  -1.84347
  -1.59037
  -1.48555
  -2.55719
  -3.93460
  -1.20364
  -4.10415
  -1.42675
  -1.96529
  -1.65529
  -0.88685
   0.74634
  -1.05430
  -4.43828
  -2.53030
  -1.34756
  -2.08613
  -2.43423
  -2.02878
  -1.20098
  -1.20778
  -1.76004
  -0.77961
  -2.48255
  -2.12730
  -1.84247
  -2.14777
  -1.79461
  -0.94899
  -1.77181
  -3.95993
  -2.53122
  -1.81805
  -2.09614
  -1.76519
  -1.15545
  -2.72470
  -2.82672
  -2.27738
  -1.86511
  -1.74436
  -0.87467
  -2.13972
  -1.75990
  -2.47107
  -1.23269
  -2.15179
  -2.73557
  -0.89868
  -2.49843
  -1.92194
  -3.70782
  -1.53245
  -2.70342
  -1.25813
  -0.88351
  -2.35328
  -1.75752
  -1.42725
  -1.95006
  -1.31709
  -1.49263
  -2.44791
  -1.86153
  -1.81415
  -1.91059
  -1.89217
  -2.72938
  -1.11733
  -1.98159
  -2.50743
  -1.40766
  -2.66400