   5.68980
   4.04114
   5.22063
   4.25347
   4.33889
   4.40347
   4.28374
   5.39736
   4.64929
   4.50034
   3.99237
   3.78580
   3.96945
   4.46966
   3.65591
   5.62372
   3.88397
   3.72823
   4.22229
   4.22457
   5.21482
   3.83744
   4.24285
   3.97964
   4.74235
   4.51325
   4.23348
   4.63460
   3.82136
   4.42713
   4.03450
   3.33210
   5.69186
   3.92908
   6.02162
   5.02713
   6.09998
   4.11816
   4.05468
   4.54543
   5.11257
   5.37575
   4.69037
   3.64707
   6.21513
   5.31652
   4.05771
   4.16943
   5.22053
   3.46070
   5.55056
   4.83935
   4.67335
   4.25639
   4.27133
   4.51572
   5.72971
   4.14194
   4.90023
   5.53447
   4.69496
   3.76459
   5.00457
   4.34479
   4.51067
   4.59976
   3.96559
   3.59589
   3.69226
   4.77391
   5.00014
   3.74116
   3.79116
   5.31385
   4.28504
   5.27703
   4.34816
   5.25158
   4.75218
   4.60063
   4.18778
   5.25113
   4.66162
   3.95939
   3.86500
   6.27593
   3.70100
   4.91969
   3.92658
   5.27140
   3.96672
   3.66327
   5.82539
   5.88405
   5.01718
   3.91418
   5.15919
   3.62312
   4.97865
   4.78950
   3.90828
   4.66697
   3.93831
   5.07018
   3.55175
   4.43508
   4.55266
   3.77210
   3.83067
   3.45706
   3.84022
   5.49709
   6.25267
   3.86031
   5.61724
   5.93488
   4.58635
   4.42049
   5.83913
   4.54209
   3.81554
   3.02570
   4.35178
   4.34930
   4.09140
   5.88600
   6.04420
   4.92476
   4.66420
   4.36924
   4.22403
   5.79223
   5.99839
   5.44704
   4.58665
   3.88244
   4.28731
   3.91880
   3.59181
   5.31737
   5.49915
   3.60182
   4.53909
   4.53801
   6.13158
   4.23404
   4.04276
   4.76887
   5.17600
   4.50836
   4.90284
   4.35328
   6.03860
   4.63238
   5.49517
   4.30565
   3.94677
   5.77876
   4.77187
   6.48709
   5.66712
   3.99639
   5.21865
   5.17106
   3.92890
   6.07468
   4.90456
   4.60977
   3.75380
   4.44687
   4.69625
   4.10151
   4.16213
   4.62527
   4.12672
   4.03759
   3.88462
   5.31446
   4.14577
   3.35639
   3.70338
   4.58451
   3.56122
   4.71438
   3.15631
   4.82930
   3.52906
   6.12388
   5.81590
   4.51612
   4.84581
   3.87610
   4.94167
   3.66738
   4.42256
   5.38131
   5.08160
   5.97769
   5.18255
   5.95402
   3.85942
   5.74939
   5.85567
   4.49626
   3.98447
   5.10648
   4.02168
   4.32829
   5.12239
   4.31418
   5.09318
   4.10877
   4.22482
   3.61170
   4.31590
   4.44956
   4.17920
   4.29475
   3.99908
   3.78016
   3.81743
   4.49875
   6.75020
   5.43839
   5.37605
   5.36320
   4.49027
   5.12899
   4.21149
   5.11025
   3.76553
   6.46499
   6.01528
   4.76408
   4.39947
   5.26316
   4.28382
   3.25180
   4.99635
   5.62222
   4.23535
   4.81670
   5.62135
   3.98777
   4.08514
   6.07620
   3.73746
   4.08509
   3.93270
   4.06131
   3.82905
   3.37356
   3.92738
   4.22545
   6.04890
   5.44199
   4.80813
   3.38841
   5.16985
   5.96500
   3.87701
   5.12754
   6.14393
   3.54378
   4.70336
   4.52972
   4.90930
   4.65541
   3.77158
   3.83136
   3.62137
   5.24558
   4.20548
   4.48634
   5.54595
   5.81148
   3.94020
   3.81919
   4.64973
   5.14825
   4.71729
   5.13464
   3.78839
   5.99442
   4.10249
   4.91592
   3.95076
   5.31508
   5.39179
   3.84686
   4.53831
   4.00308
   3.75921
   4.19929
   4.18808
   4.79232
   4.04894
   5.36927
   4.40994
   4.04930
   4.62905
   5.53523
   5.13435
   4.37416
   3.98257
   4.15554
   5.01257
   5.28234
   4.07174
   4.97741
   4.09275
   4.84673
   4.93222
   4.46833
   4.15182
   5.26783
   5.23229
   4.96162
   4.95450
   4.06528
   3.65872
   4.54600
   4.13470
   3.92923
   3.94278
   3.99160
   4.56684
   4.19387
   5.18840
   3.68935
   3.89879
   5.07289
   4.19518
   5.69992
   3.94937
   4.17687
   4.10289
   5.67341
   4.88309
   4.94259
   5.81737
   3.79516
   4.33151
   4.16192
   4.20574
   4.05128
   3.24516
   4.48960
   3.64520
   5.45228
   3.86432
   3.90468
   3.80132
   4.85873
   5.84801
   5.61048
   5.67369
   4.50262
   5.02685
   5.42107
   4.20691
   4.74360
   4.12991
   6.11219
   4.15796
   7.83734
   4.45862
   3.80219
   4.38985
   4.43430
   4.30541
   3.72010
   5.88289
   4.59515
   4.53807
   4.34971
   5.66770
   3.39988
   5.05585
   4.22454
   4.50949
   5.27559
   5.55013
   4.99535
   4.69941
   3.71468
   3.95735
   3.95315
   5.22466
   4.60643
   5.21257
   4.41149
   6.04803
   4.08408
   4.43579
   5.43151
   4.26285
   5.36813
   3.99528
   5.03728
   4.03827
   5.55525
   4.10538
   4.71497
   3.92554
   5.37405
   4.43443
   4.48609
   4.43179
   5.86391
   4.17037
   4.08076
   4.27294
   4.21719
   4.55674
   7.56114
   4.80722
   5.83645
   3.94885
   5.25514
   5.17352
   4.24738
   5.31471
   4.82879
   4.58345
   4.24023
   5.15463
   4.85322
   5.96830
   4.27679
   5.16903
   3.89315
   4.15430
   4.88089
   5.33838
   5.49774
   3.65017
   4.13784
   4.26957
   4.44965
   4.79075
   4.40728
   5.42685
   5.59673
   5.50963
   4.14071
   4.41619
   4.91778
   5.01451
   4.09626
   3.75806
   5.64503
   5.51205
   4.28200
   5.03343
   5.31610
   5.12687
   3.91528
   5.11707
   3.69111
   4.64562
   4.07036
   5.25974
   3.98595
   3.95429
   3.59465
   3.85494
   4.72842
   4.46089
   4.98552
   3.78211
   3.70965
   4.13807
   5.13837
   3.91828
   5.31296
   4.08430
   4.29764
   4.00797
   5.50511
   5.79849
   3.80692
   4.91389
   5.59268
   3.35869
   4.30410
   4.20343
   5.70867
   4.36996
   6.34537
   4.89990
   5.60164
   5.28097
   5.51116
   4.79142
   4.85209
   3.89940
   5.95057
   4.27196
   4.13572
   3.70740
   5.15816
   3.86173
   5.13010
   5.08421
   4.16386
   4.58295
   4.98868
   4.83685
   4.94241
   5.79505
   5.46980
   6.73473
   3.57067
   3.94776
   4.00187
   5.30998
   4.87065
   4.61153
   3.77725
   4.21256
   3.79166
   5.02095
   4.69063
   5.25970
   4.27903
   4.60174
   4.00998
   3.69071
   4.65531
   4.37827
   4.36747
   3.31234
   3.69214
   6.56719
   4.19252
   4.95504
   4.46388
   4.23036
   4.23280
   4.34226
   4.42909
   4.73266
   4.02949
   3.98362
   4.37705
   6.33553
   5.18454
   4.54605
   3.66641
   3.43016
   4.78432
   3.60709
   4.01719
   5.31755
   3.42561
   4.91707
   4.14963
   5.75262
   3.76045
   4.81487
   4.10076
   5.50812
   4.64821
   3.78273
   5.46242
   3.65403
   4.76865
   3.84645
   4.37859
   5.64991
   4.09886
   5.10113
   4.26967
   3.68418
   4.30801
   4.84137
   4.40940
   5.42330
   5.87264
   3.69855
   4.88729
   4.43835
   4.29838
   4.71319
   5.31406
   4.84821
   3.90849
   5.76156
   3.76802
   5.59940
   5.47076
   4.87146
   4.08997
   3.93444
   3.95414
   4.15499
   4.87904
   4.58581
   5.01764
   5.59063
   4.87010
   4.46335
   4.88383
   5.11651
   4.18969
   6.19853
   6.05510
   3.94407
   3.75899
   3.34047
   3.80337
   3.74024
   5.49563
   5.16023
   4.84520
   4.40414
   5.73660
   5.07688
   4.03774
   4.52904
   4.77401
   5.22156
   5.70461
   3.48243
   4.55636
   4.04091
   3.50073
   4.22310
   3.82081
   4.83702
   5.43783
   4.24020
   4.25772
   5.02272
   4.19212
   4.74935
   3.92773
   3.86428
   4.20898
   3.89827
   4.68846
   6.60846
   5.72505
   5.12388
   4.15367
   3.68538
   7.29443
   4.68368
   5.98910
   5.15255
   4.60067
   4.91937
   3.89715
   3.39572
   3.85666
   5.82007
   4.82188
   4.03458
   4.41200
   5.97211
   3.78436
   5.90471
   3.92096
   4.32123
   5.57599
   3.90290
   3.92442
   4.61151
   4.76432
   5.14956
   3.67485
   3.53518
   4.78972
   5.22686
   4.38732
   3.71705
   6.02715
   5.04992
   5.84052
   4.90773
   3.56569
   3.62723
   4.80279
   4.46289
   3.69670
   4.21694
   5.97619
   4.17953
   5.14968
   3.51222
   3.33827
   3.88652
   3.74632
   4.10139
   3.78312
   3.84823
   4.10977
   4.49470
   4.02474
   4.46840
   3.92241
   5.75260
   4.24054
   4.17147
   4.35500
   5.22958
   4.37288
   4.58283
   4.80812
   4.18348
   4.18951
   4.95822
   4.12546
   4.41675
   4.45944
   4.35395
   5.23156
   4.62355
   4.21227
   4.94559
   4.20193
   4.40044
   4.20384
   4.28744
   4.20115
   3.65742
   3.83756
   6.66948
   4.31127
   4.36929
   4.61295
   6.30210
   5.90875
   5.10684
   4.94555
   4.87493
   3.50721
   4.95184
   4.79044
   5.04350
   5.38059
   4.35747
   4.22660
   3.94997
   4.04182
   4.76750
   4.66293
   5.62908
   4.43251
   3.93776
   6.22493
   4.41664
   3.90804
   5.13634
   5.56441
   4.86247
   4.62817
   6.34988
   3.57423
   4.11832
   5.02848
   4.99201
   4.34593
   4.26179
   4.17610
   3.49352
   4.90346
   3.83486
   4.76891
   5.26122
   5.85471
   4.01594
   3.84522
   4.92336
   5.11264
   3.77982
   4.37659
   4.83374
   5.23935
   3.88338
   6.23973
   3.33645
   4.80984
   5.37942
   3.96194
   3.57441
   3.67447
   3.56351
   3.63432
   4.01503
   4.11697
   7.28271
   3.87383
   6.14489
   5.19488
   4.02446
   3.30370
   3.83401
   4.36052
   4.28065
   5.78140
   5.63328
   5.61657
   4.69436
   6.82407
   6.25731
   5.23081
   4.09053
   6.34464
   4.73442
   4.11596
   5.02820
   5.22016
   4.12093
   5.14290
   4.76930
   5.03910
   4.77796
   3.67043
   5.55486
   3.96529
   5.26608
   5.56416
   4.42504
   4.80796
   6.62835
   4.19864
   5.70380
   5.69617
   3.94069
   5.73492
   3.63097
   6.10984
   4.69491
   3.87973
   3.80694
   4.37710
   4.10824
   4.42055
   3.96417
   4.73569
   5.02220
   4.54985
   3.46607
   3.46014
   4.20492
   3.87818
   6.53975
   4.78256
   5.77903
   4.16842
   4.35911
   3.91916
   4.28597
   5.06496
   5.09385
   5.18951
   3.78391
   6.48541
   5.66075
   5.40250
   4.49549
   5.64603
   3.96116
   4.33338
   4.94067
   4.29231
   3.83930
   4.42477
   5.92117
   4.81826
   5.84483
   3.89319
   4.16025
   4.86763
   5.89777
   5.41157
   4.85793
   3.86031
   5.20302
   4.16304
   5.04959
   4.27936
   4.47355
   4.91651
   3.73403
   5.77382
   4.36358
   4.65827
   3.91202
   5.50741
   4.29579
   4.60089
   5.16821
   3.88656
   4.18001
   4.97331
   5.55623
   3.98678
   3.70133
   4.75322
   5.37344
   3.80264
   4.20648
   7.24148
   5.91082
   4.98179
   4.30368
   4.88807
   5.82097
   5.34492
   4.93753
   4.51177
   5.49513
   4.05664
   3.41487
   4.31186
   4.76999
   4.56080
   5.82261
   6.05065
   5.76804
   3.34512
   5.23880
   4.51412
   4.73672
   4.45987
   4.08591
   4.81880
   4.94022
   5.42527
   4.79410
   6.68365
   5.11788
   4.57765
   4.16398
   5.13489
   4.54872
   5.32598
   3.72988
   4.38476
   3.90387
   4.81967
   5.02018
   5.41617
   3.88682
   5.19986
   5.69384
   4.37713
   5.46334
   4.47979
   4.25966
   4.47767
   4.12233
   3.44576
   5.22722
   4.35326
   5.64208
   5.21738
   5.85668
   3.75248
   5.16421
   4.53186
   5.38252
   5.28356
   4.23786
   3.61557
   4.33487
   4.09286
   4.10579
   4.29616
   4.17448
   5.45113
   3.81209
   4.26654
   4.66470
   3.94177
   5.01245
   4.04068
   5.81610
   5.22584
   3.62903
   6.51014
   4.87317
   4.25928
   4.62777
   3.83665
   3.64297
   5.37994
   4.82613
   5.27058
   4.85927
   3.94760
   3.48442
   3.08351
   5.01379
   6.47798
   4.35125
   3.67622
   4.96718
   4.30319
   3.66330
   4.06031
   4.52468
   4.82707
   3.59371
   4.15141
   4.10146
   4.60838
   5.57342
   4.30901
   3.91338
   4.63730
   4.84907
   5.17894
   5.17703
   4.03418
   3.72233
   5.89005
   4.51618
   3.80593
   5.63503
   3.60556