   4.31703
   9.18822
   6.41419
   6.83449
   6.15640
   6.83703
   7.57527
   5.40986
   6.25110
   5.67433
   7.64399
   4.89876
   5.68145
   5.36084
   5.37424
  10.64167
   4.35495
   5.27499
   6.25699
   7.63546
   8.42066
   6.74874
   6.52980
   5.51636
   5.96456
   6.96574
  11.82672
   3.77718
   6.75122
   5.51090
   6.06252
   7.05322
   5.69247
   3.62816
   6.53721
   4.72966
   4.83979
   5.30257
   5.92933
  10.42436
   5.86031
   5.68979
   9.76175
   7.23516
   7.36962
   8.24593
   4.99440
   7.49271
   6.89372
   5.82660
   6.45047
   6.14619
   4.37129
   6.79548
   5.52277
   6.09743
   5.85538
   4.70988
   8.06026
   7.43026
   4.40807
   7.59100
   5.09157
  14.79635
   4.67516
   8.80553
   4.90837
   4.86985
   9.15392
   7.12449
   7.64069
   9.47643
   5.76827
  12.05322
   5.66862
   4.17062
   8.99193
   7.32787
   5.81097
   6.15458
   5.59332
   5.08525
   6.59041
   5.47394
   5.21984
   5.35790
   5.55115
   7.85950
   6.29895
   5.90514
   7.78260
   6.98856
   6.84060
   6.09635
   5.89616
   5.31218
   8.43971
   6.73212
   4.50346
   8.83237
   7.28254
   5.78131
   4.47288
   7.12113
   8.02698
   6.73757
   7.84116
   5.09783
   4.79164
   5.00904
   6.56619
   6.13376
   7.17631
   5.78018
   8.96952
   6.02968
  13.65368
   5.84020
  10.12302
   5.50824
  10.48658
   5.37522
   6.58349
   6.59717
   6.34194
   6.99369
   7.21607
   5.49525
   7.58326
   4.36925
   5.50956
   6.04797
   5.93989
   7.99894
   4.79880
   6.17248
   6.83044
   5.74731
   8.11366
   6.13392
   4.25416
   5.16871
   5.58496
   5.82223
   7.07457
   7.85735
   6.05264
   4.13393
   6.07603
   7.46228
   5.45859
   6.09854
   4.96906
   8.12936
   7.31225
   8.71148
   6.16075
   5.81028
   5.29735
   4.53601
   7.40625
   6.15272
   7.79424
   7.18750
   6.84743
   5.75662
   6.02886
   9.32250
   5.86081
   7.66505
   6.72459
   7.28202
   6.36631
   7.06628
   8.21561
   5.14914
   7.73567
   5.99902
  13.59001
   5.38681
   5.95523
   5.62596
   7.76240
   8.86970
   6.35911
   8.22027
   5.68542
   6.29165
   7.26758
   8.41683
   4.97596
   5.83175
   8.45185
   4.91837
   5.69081
   8.35977
   6.51249
  11.33131
   5.13618
   4.66283
   5.78066
   7.03509
   4.66595
   7.39275
   5.17223
   6.99514
   4.68480
   4.16668
   9.39133
   7.36031
   6.55990
   6.97981
   4.70137
   6.38506
   9.88523
   5.60901
   8.14646
   6.35617
   8.85325
   6.34205
   5.68865
   6.23856
   8.92816
   4.68362
  10.06529
   9.22523
   8.45675
   8.09639
   6.61457
   5.26919
   8.14986
   5.91024
   5.85542
   5.24552
   6.24788
   4.99302
   5.70553
   6.27429
   5.33626
   5.47033
   5.48251
   4.77277
   6.81960
   9.75627
   8.21635
   4.45617
   7.81044
   4.67582
   8.44897
   6.17491
   7.22023
   7.07190
   7.36230
   6.81704
   7.27067
   4.24957
   5.41109
   7.80052
   4.56590
   6.45468
   5.17525
   4.71254
   6.33450
   5.21415
   4.92723
   9.49970
   6.36378
   9.05411
   7.83665
   5.06458
   5.44272
   8.91594
   6.74588
   6.51067
   7.94692
   6.36382
   6.09035
   7.97425
   5.86189
   7.43629
   9.19156
   5.31850
   6.48439
   7.40535
   5.70472
   5.39291
   6.69480
   7.30971
   7.19013
   5.39396
   6.98117
   4.15393
   7.19647
   5.01991
   5.40475
   6.07702
   7.21830
   8.71618
   7.15207
   6.38663
   5.88922
   6.51815
   7.63777
   6.47417
   5.57198
   5.84588
   6.16776
   7.10533
   7.08390
   4.83645
   7.10798
   9.94059
   9.43598
   7.49878
   6.03901
   5.57165
   6.71900
   8.39000
   5.47192
   5.84582
  11.49925
   4.83696
   4.72823
   6.64701
   5.55366
   9.63437
   9.18265
   4.89659
   4.95675
   5.25021
   7.66516
   6.51445
   6.45455
   8.14835
   7.15023
   9.08887
   6.51319
   6.53075
   6.58599
   4.96673
   9.90712
   5.75715
   4.68013
   9.49053
   5.56798
   6.20670
   8.52022
   5.39926
   7.23773
   7.24413
   5.13736
   4.17566
   5.21948
   7.95941
   8.44626
   6.20972
   5.67483
   5.02120
   5.66855
   9.88542
   6.53089
   5.45493
   8.48102
   5.39654
   6.00104
   4.48353
   5.96867
   7.46859
   5.38873
   5.04891
   5.77404
   5.97231
   5.65256
   4.65659
   7.23005
   5.46713
   5.15491
   5.32013
   6.06982
   5.15694
   8.75965
  10.17762
   6.36315
   8.62845
   4.85441
   5.88610
   7.59315
   8.24289
   7.33804
   6.22048
   8.11804
   4.92025
   6.96501
   6.71941
   5.82677
   4.92906
   7.51485
   6.61314
   4.78606
   6.90070
   9.90731
   6.30805
   5.40877
   6.11596
   4.93055
   6.78180
   5.91177
   8.29527
   5.15440
   5.06618
   5.26713
   5.89889
   6.37899
   7.16914
   8.08016
   5.93039
   4.61233
   6.92966
   6.21478
   7.61412
   4.58888
   6.56210
   6.54586
   6.75934
   6.50832
   4.93075
   5.29979
   6.91363
   6.28156
   5.37315
   5.98330
   6.34638
   5.25646
  10.18919
   7.60048
   7.57865
   7.07382
   4.54611
   6.37314
   6.59498
   6.98099
   7.11001
   5.10523
   7.01455
   6.73553
   9.69192
   6.32231
   6.00730
   6.24162
   6.86902
   6.67088
   6.48519
   5.39192
   4.75026
   5.90844
   8.85472
   7.17028
   6.00804
   9.89172
  10.86530
   8.89497
   7.04779
   5.88661
   6.19807
   6.57621
   4.30225
   5.63418
   8.38306
   6.60504
   4.52702
   7.12658
   5.51017
   4.51216
   7.27751
   6.44429
   4.88473
   4.90446
   3.33865
   5.38716
   6.40705
   6.51126
   5.21001
   6.76905
   5.49863
   5.83505
   4.33485
   5.90896
   6.86718
   8.20456
   5.71794
   7.09444
   6.84828
   7.28710
   7.19484
   7.34542
   6.51979
   5.79177
   7.37843
   7.44119
   5.86700
   8.73117
   5.99801
   7.22804
   7.04579
   6.00052
   5.99957
  10.48946
   8.11987
   6.19763
   6.55011
   5.72362
   5.70637