  -4.00657
  -2.63243
  -3.76116
  -2.35215
  -2.29950
  -2.91024
  -2.64531
  -3.64944
  -3.09741
  -2.80953
  -2.30697
  -2.48553
  -2.59121
  -2.95680
  -2.46449
  -3.81666
  -2.37779
  -2.35232
  -2.46057
  -2.63458
  -4.00894
  -2.52332
  -2.29344
  -2.35224
  -3.27508
  -2.79691
  -2.86914
  -2.88658
  -2.68750
  -2.58340
  -2.32938
  -2.28808
  -4.24582
  -3.13154
  -4.40169
  -3.68745
  -4.45595
  -2.76732
  -2.94529
  -2.85766
  -3.58487
  -3.94908
  -3.30669
  -2.32195
  -4.16736
  -3.73266
  -2.13085
  -2.73318
  -3.90595
  -2.03988
  -4.02314
  -3.46590
  -3.04630
  -2.96119
  -2.82705
  -2.81592
  -4.55259
  -2.69332
  -3.11462
  -4.27577
  -3.34987
  -2.34308
  -3.44722
  -2.78548
  -2.99627
  -2.97801
  -2.48412
  -2.26170
  -2.07976
  -3.30440
  -3.46955
  -2.70924
  -2.29115
  -3.83897
  -3.29645
  -3.97459
  -2.89804
  -3.90378
  -2.94424
  -2.96912
  -3.09856
  -3.83043
  -3.42477
  -2.50321
  -2.57197
  -4.78790
  -2.37874
  -3.64930
  -2.37972
  -3.60488
  -2.62234
  -2.12370
  -4.02609
  -3.94451
  -3.53629
  -2.77067
  -3.70917
  -1.96696
  -3.44013
  -3.17274
  -2.30578
  -2.96516
  -2.22742
  -3.45649
  -1.90720
  -2.96827
  -2.95579
  -2.00361
  -2.45186
  -2.16010
  -2.36285
  -3.59103
  -4.27909
  -2.09111
  -4.06624
  -3.80600
  -3.17754
  -2.67896
  -4.25315
  -3.01115
  -2.13163
  -2.14289
  -2.71922
  -2.75524
  -2.60408
  -3.93197
  -4.24799
  -3.33453
  -3.14749
  -2.72208
  -2.59920
  -4.05259
  -4.45723
  -3.89332
  -3.24186
  -2.44985
  -2.73670
  -1.96888
  -2.30950
  -3.68997
  -3.26841
  -2.29108
  -3.45325
  -3.09740
  -4.44885
  -2.08678
  -2.25268
  -2.94701
  -3.69158
  -3.23537
  -3.54902
  -2.78085
  -4.18094
  -3.31992
  -3.84611
  -2.89614
  -2.69247
  -4.15890
  -3.29542
  -4.72609
  -4.19590
  -2.29956
  -3.36906
  -3.65087
  -2.55667
  -3.99950
  -3.27240
  -2.83935
  -2.33493
  -2.75974
  -3.10652
  -2.18359
  -2.60959
  -3.28490
  -2.23426
  -2.18674
  -2.56772
  -3.75590
  -2.40588
  -2.70737
  -2.05309
  -3.18937
  -1.82516
  -2.49443
  -1.98931
  -3.29233
  -2.39385
  -4.20080
  -4.23988
  -3.01685
  -3.12197
  -2.56060
  -3.56698
  -2.33313
  -3.01354
  -3.79789
  -3.43831
  -4.20570
  -3.65552
  -3.84591
  -2.20784
  -3.95832
  -4.16939
  -3.15612
  -2.34769
  -3.48228
  -2.67918
  -3.03372
  -3.34312
  -3.00388
  -3.12787
  -2.77023
  -2.95872
  -2.42003
  -2.92951
  -3.03673
  -3.19791
  -2.69272
  -2.57647
  -2.65353
  -2.54646
  -3.31745
  -4.95629
  -3.79680
  -3.92973
  -3.57472
  -2.95604
  -3.55290
  -2.76352
  -3.30143
  -2.32779
  -4.22789
  -4.72262
  -3.42925
  -3.00646
  -3.99286
  -2.84111
  -2.04426
  -3.30617
  -4.02290
  -2.71573
  -3.41176
  -4.02439
  -2.54742
  -2.64133
  -4.21181
  -2.28933
  -3.42177
  -2.71174
  -2.24712
  -2.49320
  -2.32198
  -2.08144
  -2.86257
  -4.43649
  -3.47946
  -3.56240
  -2.09546
  -3.65789
  -4.30673
  -2.53903
  -3.42309
  -4.39170
  -2.18161
  -2.93737
  -3.00420
  -3.62782
  -2.96618
  -2.44641
  -2.27821
  -2.68272
  -3.55770
  -2.68884
  -2.70915
  -3.86809
  -4.24852
  -2.49122
  -2.19448
  -2.87665
  -3.61114
  -3.20623
  -3.80017
  -2.24390
  -3.94285
  -2.38605
  -3.45179
  -2.07617
  -3.65415
  -3.74637
  -2.18604
  -3.15935
  -2.46242
  -2.20657
  -2.79561
  -2.43412
  -3.26550
  -2.94821
  -3.67313
  -3.04381
  -2.68642
  -3.13445
  -4.06955
  -3.90432
  -2.79304
  -2.59483
  -2.77077
  -3.70418
  -3.64781
  -2.44779
  -3.19925
  -2.73394
  -3.46171
  -3.51352
  -3.16804
  -2.83143
  -3.47157
  -3.48175
  -3.56359
  -3.43445
  -2.63103
  -2.23602
  -3.17109
  -2.72748
  -2.35766
  -2.35891
  -2.74904
  -2.82263
  -3.10734
  -3.54521
  -2.03908
  -2.40435
  -3.65103
  -2.72576
  -3.89635
  -2.27969
  -2.22348
  -2.75997
  -4.29866
  -3.42253
  -3.61320
  -3.69761
  -2.28240
  -2.83096
  -2.73850
  -2.62532
  -2.66135
  -1.85607
  -2.60501
  -2.20259
  -4.18988
  -2.38057
  -2.86848
  -2.35075
  -3.40434
  -4.43598
  -4.01798
  -4.05723
  -2.76055
  -3.42298
  -2.77810
  -2.38143
  -3.18170
  -2.71222
  -4.40653
  -2.82221
  -5.95555
  -3.22163
  -2.37604
  -2.99467
  -2.97587
  -2.94492
  -2.01250
  -4.37392
  -2.97928
  -2.94644
  -2.66123
  -3.79320
  -2.05800
  -3.37696
  -2.60280
  -3.10852
  -3.69816
  -3.95030
  -3.56524
  -3.19874
  -2.55397
  -2.59298
  -2.24236
  -3.68031
  -2.98990
  -3.96691
  -2.41586
  -4.36889
  -2.64277
  -2.76191
  -3.79678
  -3.09602
  -3.97713
  -2.67640
  -3.68192
  -2.45203
  -3.84716
  -2.33324
  -3.41857
  -2.41481
  -3.57773
  -3.13619
  -3.23316
  -3.06900
  -4.12984
  -2.68206
  -2.75128
  -3.36950
  -2.81135
  -3.26121
  -5.24767
  -3.13155
  -4.03570
  -2.49102
  -4.11789
  -3.57814
  -2.54269
  -3.66342
  -3.49314
  -2.96125
  -2.60361
  -3.46928
  -3.35750
  -4.38398
  -3.22173
  -3.39241
  -2.39382
  -2.59492
  -3.56147
  -3.50249
  -3.92951
  -2.40191
  -2.33635
  -3.08169
  -2.84228
  -3.10164
  -3.34734
  -3.64600
  -3.94851
  -3.89120
  -2.63232
  -2.89073
  -3.28891
  -3.45499
  -2.85842
  -2.41784
  -4.03750
  -3.67162
  -2.66218
  -3.39179
  -3.86695
  -3.30062
  -2.66068
  -3.45533
  -1.98141
  -3.09440
  -3.25572
  -3.75428
  -2.15465
  -2.21664
  -2.26684
  -2.44266
  -3.04213
  -2.29494
  -3.12428
  -2.34025
  -2.23571
  -2.54989
  -3.70427
  -2.23876
  -3.52653
  -2.56090
  -2.85109
  -2.54331
  -4.16612
  -3.75781
  -2.20923
  -3.63540
  -4.16182
  -2.00020
  -2.54791
  -2.89452
  -4.23581
  -2.80318
  -5.03394
  -3.41062
  -3.95081
  -3.85259
  -3.92455
  -3.25026
  -3.72193
  -2.27939
  -4.61083
  -2.37380
  -3.01624
  -2.32040
  -3.55514
  -2.71441
  -3.56828
  -3.48813
  -2.64005
  -3.30816
  -3.22559
  -3.47843
  -3.06171
  -4.39684
  -3.80440
  -4.25885
  -2.23052
  -2.76739
  -2.62889
  -3.53129
  -3.06270
  -3.10728
  -2.29406
  -2.89232
  -2.35982
  -3.51964
  -3.08769
  -3.62511
  -2.64561
  -3.27735
  -2.61458
  -2.14129
  -2.92458
  -2.86690
  -3.21081
  -2.30394
  -2.39128
  -4.89314
  -2.62778
  -3.32873
  -2.89097
  -2.69266
  -2.64889
  -3.07342
  -2.66540
  -3.19368
  -2.16116
  -2.53084
  -2.32903
  -4.22868
  -4.02160
  -3.01817
  -2.29692
  -2.22876
  -3.26484
  -2.13410
  -2.40575
  -3.87302
  -1.96003
  -3.29168
  -2.57111
  -3.72770
  -2.51548
  -3.11955
  -2.70527
  -4.02048
  -3.21394
  -2.17165
  -3.73913
  -2.13843
  -3.44622
  -2.14154
  -2.69358
  -3.78542
  -2.58187
  -3.38227
  -3.14883
  -2.60708
  -3.05733
  -3.42377
  -2.97967
  -3.78369
  -4.48946
  -2.50721
  -3.50123
  -2.80034
  -3.16229
  -3.21140
  -4.10811
  -3.35324
  -2.30403
  -4.42433
  -2.60645
  -3.97167
  -3.88594
  -3.52441
  -2.59683
  -2.16726
  -2.56277
  -2.57933
  -3.46186
  -2.92392
  -3.12064
  -3.77709
  -3.53710
  -2.82560
  -3.47475
  -3.35988
  -2.82762
  -4.36437
  -4.36644
  -2.56178
  -2.16421
  -2.12650
  -2.57367
  -2.27569
  -3.31044
  -3.72830
  -3.26940
  -2.94394
  -4.18365
  -3.55673
  -2.52319
  -3.14041
  -3.37629
  -3.81980
  -4.36003
  -1.90039
  -3.18618
  -2.81005
  -1.96068
  -2.85583
  -2.44038
  -3.14460
  -3.69295
  -2.38437
  -2.84197
  -3.36478
  -2.56212
  -3.29188
  -2.49592
  -2.41015
  -2.49216
  -2.33527
  -3.01698
  -4.51971
  -4.40724
  -3.84351
  -2.99417
  -2.20089
  -5.07677
  -2.56653
  -4.54502
  -3.41850
  -3.05979
  -3.45153
  -2.48908
  -2.18854
  -2.16954
  -4.31580
  -3.20366
  -2.08753
  -2.80051
  -4.25141
  -1.95741
  -4.22709
  -2.66392
  -2.93313
  -3.31970
  -2.78507
  -2.32606
  -3.10327
  -3.38783
  -3.51304
  -2.32160
  -2.24535
  -3.10524
  -3.42609
  -2.94187
  -2.11331
  -4.33381
  -3.56329
  -4.16014
  -3.44791
  -2.17706
  -2.41293
  -2.91306
  -3.10434
  -2.28370
  -2.39500
  -4.20407
  -2.85762
  -3.67144
  -1.98176
  -2.01888
  -2.73577
  -2.20416
  -2.61015
  -2.33809
  -2.48887
  -2.61572
  -2.51189
  -2.34444
  -2.77806
  -2.35080
  -4.30713
  -2.54521
  -2.72648
  -3.09861
  -3.98870
  -3.03080
  -2.94702
  -3.16149
  -2.39398
  -2.88271
  -3.20807
  -2.40495
  -2.80744
  -3.21995
  -2.87176
  -3.39732
  -3.08299
  -2.37943
  -3.50485
  -2.42916
  -3.01801
  -2.75356
  -3.03492
  -2.58319
  -1.97981
  -2.58267
  -3.93133
  -2.81387
  -2.90689
  -3.17827
  -4.54980
  -3.58022
  -3.31464
  -2.51248
  -3.16627
  -1.92470
  -3.17141
  -3.61816
  -3.47106
  -4.02999
  -2.85482
  -2.86901
  -2.59401
  -2.25020
  -3.10737
  -3.03807
  -4.01147
  -2.93678
  -2.21003
  -4.42327
  -2.56419
  -2.47368
  -3.30770
  -3.48307
  -3.45156
  -2.84989
  -4.67007
  -2.19037
  -2.76134
  -3.37460
  -3.45941
  -1.57711
  -2.77585
  -2.59742
  -2.05493
  -3.48702
  -2.55892
  -3.09825
  -3.64587
  -4.04625
  -2.59243
  -2.29873
  -3.60324
  -3.56356
  -2.32258
  -2.93001
  -2.86512
  -4.03288
  -2.72748
  -5.19398
  -2.04704
  -2.59378
  -3.82682
  -2.43191
  -2.34093
  -2.42501
  -2.04153
  -2.56083
  -2.43413
  -2.49725
  -5.35444
  -2.79775
  -4.50791
  -3.70063
  -2.81338
  -1.79788
  -2.47494
  -2.83704
  -2.83055
  -3.98246
  -4.06014
  -4.04496
  -3.17215
  -4.39984
  -4.47632
  -3.90141
  -2.58641
  -4.43509
  -3.19276
  -2.38543
  -3.58084
  -3.67670
  -3.13723
  -3.37366
  -2.80855
  -3.54550
  -3.21808
  -2.31729
  -3.72983
  -2.27156
  -3.71613
  -3.96863
  -2.94515
  -2.97590
  -4.90337
  -2.80368
  -3.90622
  -4.03316
  -2.68177
  -4.20590
  -2.15703
  -4.54182
  -3.04297
  -2.34939
  -2.79031
  -2.44965
  -2.54325
  -2.88396
  -2.44050
  -3.40739
  -3.27659
  -2.51352
  -2.32354
  -1.97346
  -2.84691
  -2.67143
  -4.80187
  -3.44550
  -4.36161
  -2.54606
  -2.84713
  -2.69512
  -3.09632
  -3.46365
  -3.05973
  -3.80574
  -2.18424
  -4.78544
  -3.74079
  -3.78334
  -2.77697
  -4.08318
  -2.43339
  -2.93441
  -3.57924
  -2.48638
  -2.19752
  -3.02331
  -4.44880
  -3.20132
  -4.17939
  -2.26459
  -2.77209
  -3.23106
  -4.31855
  -4.05487
  -3.28209
  -2.62865
  -3.64452
  -2.13187
  -3.60728
  -2.67351
  -3.00082
  -3.36936
  -2.30716
  -3.87590
  -2.88084
  -2.95110
  -2.10985
  -4.35755
  -3.27310
  -2.90316
  -3.64509
  -2.22309
  -2.66981
  -3.37754
  -4.17114
  -2.72219
  -2.27115
  -3.25511
  -3.89249
  -2.24557
  -2.30227
  -5.68622
  -4.23851
  -3.47215
  -2.67330
  -3.74440
  -4.39526
  -3.78527
  -3.52150
  -2.94556
  -3.81220
  -2.47619
  -1.95349
  -2.61961
  -2.84633
  -2.99705
  -4.26317
  -4.30206
  -4.29758
  -1.94692
  -3.89978
  -2.84363
  -3.20535
  -3.20572
  -2.41960
  -3.22202
  -3.40377
  -3.81621
  -3.32539
  -5.22430
  -3.64129
  -3.37527
  -2.88429
  -3.64626
  -2.94345
  -3.77328
  -2.30411
  -2.75676
  -2.34429
  -3.51532
  -3.42199
  -3.64420
  -2.71774
  -3.59027
  -3.93944
  -2.74730
  -3.69141
  -2.39741
  -2.70737
  -2.73029
  -2.53952
  -2.57461
  -3.73785
  -2.80756
  -3.78364
  -3.66025
  -4.09598
  -2.15434
  -3.72298
  -3.08839
  -3.68743
  -3.82795
  -2.19068
  -2.10007
  -2.96976
  -2.53616
  -2.44302
  -2.57928
  -2.46879
  -4.27015
  -2.53315
  -2.83050
  -2.93434
  -2.41801
  -3.79987
  -2.62040
  -4.16948
  -3.53011
  -2.52204
  -5.02069
  -3.35764
  -2.69501
  -3.13217
  -2.39534
  -2.87335
  -3.28730
  -3.27741
  -3.32067
  -3.59703
  -2.46302
  -1.94803
  -1.82357
  -3.36792
  -4.40401
  -2.95354
  -2.46129
  -3.34838
  -2.88428
  -2.11179
  -2.72697
  -2.62003
  -2.95221
  -2.61537
  -2.73137
  -2.54213
  -3.06920
  -4.09005
  -2.78356
  -2.23269
  -3.30407
  -2.67946
  -3.48146
  -3.32758
  -2.09209
  -2.39121
  -3.84842
  -3.45014
  -2.27443
  -3.86232
  -2.21258