  -0.22491
  -0.31127
  -0.51447
  -0.17583
  -0.09157
   0.07693
  -0.25384
  -0.78572
   0.25289
  -0.38661
  -0.19004
  -0.58610
  -0.71878
  -0.47719
  -0.33107
  -0.32923
  -0.16952
  -0.06876
   0.06597
  -0.43333
  -0.33707
  -0.15851
  -0.28655
  -0.35731
  -0.63676
  -0.69618
  -0.38911
  -0.27969
  -0.51898
  -0.73312
  -0.35096
  -0.02575
  -0.42573
   0.26214
  -0.17495
  -0.47172
   0.38267
  -0.70807
  -0.16695
  -0.72048
  -0.01981
  -0.36240
  -0.71889
  -0.03439
  -0.52872
  -0.36254
  -0.27392
   0.25789
  -0.18649
  -0.10020
  -1.10526
  -0.29779
  -0.47326
  -0.47636
  -0.03414
   0.52548
   0.13101
   0.21845
  -0.09160
  -0.64877
  -0.36601
  -0.47884
   0.01245
  -0.18800
  -0.19942
  -0.56733
  -0.07320
  -0.32084
  -0.45991
  -0.49515
  -0.29269
  -0.18542
  -0.44090
   0.14456
  -1.92869
  -0.55255
  -0.22173
   0.05746
  -0.12014
  -0.60149
  -0.33714
  -0.34533
  -0.73223
   0.22911
   0.32215
  -0.37991
  -0.47344
  -1.05382
  -1.23636
  -0.09739
   0.30177
  -0.25491
  -0.78983
  -0.26385
  -0.34632
   0.16913
  -0.03753
   0.06521
  -0.76857
  -0.58762
  -0.48837
  -0.54743
  -0.11126
  -0.68492
   0.16598
  -0.07515
  -0.65915
  -0.57262
  -0.42685
   0.43046
  -0.05663
  -1.06831
  -0.23224
   0.30761
  -0.42342
  -0.01881
  -0.04463
  -0.30891
  -0.44585
  -0.49539
  -0.65481
  -0.06503
  -0.84688
   0.28890
  -0.11319
  -0.46498
  -0.76691
  -0.53894
   0.08606
  -0.23653
  -0.68341
  -0.20536
   1.33216
  -0.22602
  -0.72505
  -0.42555
   0.17128
  -0.23708
  -0.28997
  -0.54324
  -0.32514
  -0.28376
  -0.25229
   0.24335
  -0.57346
  -0.14549
  -0.38063
  -0.15458
  -0.18746
  -0.47506
  -0.26149
   0.02332
  -1.09791
  -0.55723
  -0.04193
  -0.28995
  -0.16486
  -0.54704
  -0.30455
  -0.84915
  -0.38345
  -0.68311
  -0.24838
  -0.47919
  -0.44857
  -0.25775
  -0.38478
  -0.11862
  -0.14073
  -0.75642
  -0.23771
  -0.19747
  -0.27135
  -0.58011
  -0.15513
   0.25559
  -0.35280
  -0.23355
  -0.53789
  -0.33376
  -0.32251
  -0.68789
  -0.20405
  -0.64575
  -0.21692
   0.05883
  -0.88832
  -0.10162
  -0.15973
  -0.03775
  -0.55423
   0.15804
  -0.53003
   0.19234
  -0.14765
  -0.22390
  -0.41004
  -0.40866
  -0.00473
  -0.82039
  -0.41561
  -0.77154
  -0.22889
   0.54654
  -0.59911
  -0.60015
   0.31751
  -0.76403
  -0.66977
  -0.40467
  -0.29771
   0.49589
  -0.17045
  -0.50334
  -0.60946
  -0.19616
  -0.91591
  -0.42919
  -0.51662
  -0.19369
  -0.18366
  -0.55640
  -0.44971
  -0.58394
  -0.72954
  -0.29339
  -0.29682
  -0.41932
  -0.47072
  -0.66008
  -0.39778
  -0.99396
  -0.29582
  -0.16892
  -0.43743
  -0.65010
  -0.17162
   0.06547
  -0.56875
  -0.92532
  -0.35597
  -0.70906
  -0.35487
  -0.08236
  -0.38192
  -0.54029
  -0.42414
  -1.05468
  -0.10627
  -0.69071
  -0.44382
   0.28017
  -0.55404
  -0.22445
   0.44005
  -1.02824
   0.04639
  -0.02922
  -0.52914
  -0.22694
  -0.44151
   0.05397
  -0.43610
  -0.55088
  -0.31181
  -0.38693
  -0.35955
  -0.34450
  -0.22151
  -0.37834
   0.14932
  -0.12437
  -0.71340
  -0.60668
  -0.03973
  -0.44810
   0.31729
  -0.55961
  -0.38172
  -0.70631
  -1.09309
  -0.31836
   0.05964
  -0.23315
  -0.43443
  -0.89643
  -0.06463
  -0.05548
  -0.98542
  -0.26858
  -0.05167
  -0.63207
   0.05702
  -0.01370
  -0.24036
  -0.15068
  -0.17968
  -0.25627
  -0.36763
   0.08965
  -0.05589
  -0.30598
  -0.60109
  -0.54865
  -0.01671
  -0.47521
  -0.18373
  -0.07299
  -0.32065
  -0.36273
  -0.27300
  -0.28206
   0.23208
  -0.81663
  -0.55983
  -0.30577
  -0.23338
  -0.06300
  -0.49587
  -0.90295
  -0.48218
  -0.28551
  -0.14447
   0.05959
  -0.21888
  -0.34006
  -0.02725
  -0.39816
  -0.02707
  -0.49620
  -0.41468
  -0.61157
  -0.39042
  -0.42590
  -0.65531
  -0.00446
  -0.54889
  -0.80839
  -0.38051
  -0.81907
  -0.88310
  -0.35514
   0.02697
  -0.31963
  -1.00643
   0.06854
  -0.08907
  -1.60445
   0.15164
  -1.12295
  -0.28557
  -0.33658
  -0.32327
  -0.23106
  -0.22384
  -0.45080
  -0.71715
  -0.59222
  -0.74495
  -0.04615
   0.21240
  -0.31140
  -0.04195
  -1.83782
  -0.34433
   0.13798
  -0.10079
  -0.67412
  -0.19577
  -0.45838
  -0.99217
  -0.37076
  -0.66322
  -0.05057
  -0.55350
   0.21656
  -0.67657
  -0.24482
  -0.86783
   0.01101
  -0.46278
  -0.27268
  -0.18021
  -0.20722
  -0.39504
  -0.17193
  -0.39208
  -0.08897
  -0.55392
  -0.25536
  -0.30393
  -0.05831
  -0.22886
   0.37910
  -0.72179
  -0.35143
   0.04326
   0.02103
   0.22845
  -0.20161
   0.03063
  -0.55775
   0.37715
  -0.42829
  -0.68656
  -0.43220
  -0.11386
  -0.87850
  -0.22454
   0.24249
  -0.86819
  -0.33687
  -0.45341
   0.24346
  -0.49259
  -0.49233
  -0.32129
  -0.88971
  -0.47595
  -0.54908
  -0.59165
  -0.19005
   0.14181
   0.07086
  -0.58075
  -0.33856
  -0.65840
  -0.41936
  -0.60692
  -0.97226
  -0.50241
  -0.48137
  -0.23482
  -0.19165
  -0.51748
  -0.08837
  -0.13348
  -0.30293
  -0.82637
  -0.58002
  -0.73106
   0.33545
  -0.65258
  -0.26949
  -0.42050
  -0.64092
  -0.01078
  -0.61519
  -0.16341
  -0.07767
  -0.48792
  -0.72571
  -0.31648
  -0.02030
  -0.68769
  -0.32924
  -0.33740
  -0.61204
  -0.60679
   0.04551
  -0.22043
  -0.77559
  -0.56844
  -0.41806
   0.07899
  -0.14650
   0.09529
  -0.25943
  -0.13360
   0.26458
  -0.05086
  -0.21255
  -0.21999
  -0.50853
  -0.51008
  -0.12529
  -0.15662
  -0.82498
   0.45198
  -0.40207
  -0.89947
   0.06087
  -0.02629
  -0.76176
  -0.35286
  -0.32045
  -0.05262
  -0.24268
  -0.90252
  -0.19708
  -0.49246
  -0.56268
  -0.70229
  -0.15058
  -0.37369
  -0.27874
  -0.42952
  -0.29846
  -0.38372
  -0.49521
  -0.04302
  -0.32745
  -0.72557
  -0.62841
   0.14344
  -0.41820
  -0.41241
  -0.36510
  -0.40709
  -0.53863
  -0.60126
  -0.32490
   0.22084
   0.16362
  -0.22843
  -0.32459
  -0.04711
  -0.14169
  -0.10394
   0.10190
  -0.58216
  -0.33596
  -0.28587
  -0.16093
  -0.41049
  -0.33232
  -0.41649
  -0.09081
  -0.37139
  -0.25018
  -0.35742
   0.02088
   0.24176
   0.14263
  -0.36265
  -0.17873
  -0.36200
  -0.79300
  -0.38411
  -0.44693
   0.02062
  -0.55179
  -0.72685
  -0.27060
  -0.58420
  -0.73729
  -0.49399
  -0.20495
  -0.75162
  -0.25970
   0.03584
  -0.23528
  -0.15129
  -0.16967
  -0.37540
  -0.34016
  -0.72524
  -0.88967
  -0.82108
  -0.18121
  -0.79827
  -0.62831
  -0.32488
  -0.44232
   0.63997
  -0.04162
   0.23186
  -0.31779
   0.48284
  -0.29453
  -0.55984
  -0.25695
  -0.95684
  -0.35149
  -0.40042
  -0.82715
  -0.06613
   0.23692
  -0.39691
  -0.35901
   0.39891
   0.01443
  -0.35159
   0.07444
   0.12271
   0.01341
  -0.26095
  -0.50048
  -0.82333
  -0.66998
   0.07377
  -0.13606
  -0.60231
  -0.30597
   0.04812
  -0.16966
  -0.19340
  -0.74394
  -0.25283
  -0.56119
  -0.04409
  -0.84028
  -0.16689
  -0.95904
  -0.36524
  -0.68067
  -0.51317
  -0.35461
   0.09480
  -0.18711
  -0.38565
  -0.29923
   0.28935
  -0.10949
  -0.27125
  -0.57099
  -0.36166
  -1.57414
  -0.61270
  -0.10631
  -0.06679
  -0.71356
  -0.85109
  -0.26765
   0.10039
  -0.37513
  -0.16747
  -0.22039
  -0.46732
  -0.50073
  -0.03882
  -0.35960
  -0.24403
  -0.39873
  -0.75705
   0.04711
  -0.51001
  -0.20227
  -1.23347
  -1.06765
  -0.66310
  -0.38398
  -0.28713
  -1.18503
   0.21682
  -0.13740
  -0.24958
  -0.07932
  -0.11482
   0.26223
   0.05351
  -0.60424
  -0.53206
  -0.44830
  -0.42268
  -0.46050
  -1.19671
  -0.43059
  -0.27778
  -0.21937
  -0.37535
  -0.05307
  -0.83497
   0.16383
  -0.19820
  -0.59523
  -0.06578
  -0.60045
  -0.57995
  -0.82029
  -0.44440
  -0.12212
  -0.13196
  -0.16189
  -0.15800
  -0.52923
  -0.25609
  -0.43877
  -0.43545
  -0.73774
  -0.46998
  -0.65043
   0.07905
  -0.26773
  -0.92386
   0.03378
  -0.47626
  -0.97400
  -0.56262
  -0.60162
  -0.39346
  -0.14666
  -0.65331
  -0.08719
  -0.06987
  -0.34195
  -0.59977
  -0.31288
  -0.63718
  -0.52932
  -0.92318
  -0.57273
   0.06059
   0.02298
   0.15161
  -0.55498
   0.01029
   0.03846
  -0.76589
  -0.56929
  -0.51817
  -0.10998
  -0.52889
  -0.15416
   0.04586
  -0.08320
  -0.18023
  -0.35778
  -0.65211
  -0.20459
  -0.23101
  -0.29950
  -0.76959
  -0.61595
  -0.05194
  -0.80823
   0.21859
  -0.17746
  -0.74860
  -0.33857
  -0.24901
  -0.28018
  -0.28988
  -0.88326
  -0.33905
  -0.09289
  -0.83436
  -0.37961
  -0.48251
  -0.77865
  -0.02403
  -0.79974
  -0.35490
  -0.01990
  -0.15492
  -0.51806
  -0.19679
  -0.88835
  -0.38538
  -0.69531
   0.16363
  -0.50617
  -0.55165
  -0.21836
   0.04127
   0.13894
   0.23477
   0.13130
  -0.63749
  -0.53103
  -0.59742
   0.09675
  -0.24700
  -0.25610
  -0.48009
  -0.56561
  -0.22501
  -0.43357
  -0.08717
  -0.24926
  -0.65691
  -0.01801
  -0.30821
  -0.35017
  -0.40657
  -0.20449
  -0.02145
  -0.42536
  -0.21444
  -0.43712
  -0.10306
   1.30271
   0.17983
  -0.40903
  -0.18606
  -0.47555
   0.21898
  -0.88759
  -0.20843
  -0.21244
  -0.83929
  -0.28561
  -0.26720
  -0.19008
  -0.42030
  -0.04322
  -0.59808
  -0.61058
   0.08899
   0.11018
  -0.72310
  -0.02653
  -0.23859
  -0.14264
  -1.27864
  -0.83869
  -0.25420
  -0.16365
  -0.75478
  -0.15015
  -0.11905
  -0.22163
  -0.66397
  -0.36342
  -0.54525
  -0.08675
  -0.13413
  -0.74840
  -0.19020
   0.27032
  -0.19836
  -0.47451
  -0.53938
  -0.38143
  -0.12038
  -0.50233
  -0.52744
   0.03468
  -0.49637
  -0.18002
  -0.48753
  -0.10732
  -0.43714
  -0.78885
  -0.20951
   0.19462
  -0.59590
  -0.04611
  -0.34776
  -0.27108
   0.24087
   0.05558
  -0.32837
  -0.19441
   0.16973
  -0.31112
  -0.21477
  -0.53976
  -0.26638
  -0.52871
  -0.54870
   0.26399
  -0.92885
  -0.24341
  -0.46507
  -0.25208
  -0.16827
  -0.15509
  -0.36777
  -0.83362
  -0.84703
  -0.49986
  -0.89417
   0.25419
  -0.40463
  -0.59347
   0.23743
   0.16808
  -0.67434
  -0.20289
  -0.61905
  -0.66505
  -0.08388
  -0.19393
  -0.72856
  -0.54215
  -0.24059
  -0.36293
  -0.57490
  -0.24959
  -0.81088
  -1.03477
  -0.84754
  -0.55755
  -0.50143
  -0.26994
  -0.31727
  -0.75068
  -0.00078
   0.26545
  -0.62316
  -0.67481
  -0.17568
  -0.75715
  -0.35884
   0.36622
  -0.50583
  -0.35559
  -0.59831
   0.03792
   0.37418
  -0.30796
  -0.34188
  -0.73624
   0.39136
  -0.50720
  -0.84796
  -0.67164
  -0.28146
  -0.34344
  -0.20522
  -0.51285
  -0.52198
  -0.93216
  -0.88338
   0.48553
  -0.38104
  -0.62545
  -0.18520
  -0.68881
  -0.75866
  -0.52945
  -0.33593
  -0.72320
  -0.05387
  -0.02912
  -0.23427
  -0.22783
  -0.26106
  -0.08245
  -0.64066
  -0.07743
  -0.29036
  -0.93513
  -0.29182
  -0.15669
  -0.51008
  -0.02932
  -0.59501
   0.00216
  -0.00719
  -0.39848
   0.10768
  -0.77704
  -1.01263
  -0.71150
  -0.72741
  -0.77905
  -0.06252
  -0.04427
  -0.60147
  -0.58026
  -0.34951
  -0.70296
   0.29331
  -0.42339
  -0.20742
  -0.11090
  -0.49203
  -0.45995
  -1.21536
  -0.55238
  -0.18753
  -0.73391
  -0.44195
  -0.73835
  -0.10109
  -0.24411
  -0.19989
  -0.15695
  -0.16741
  -0.17381
  -0.18623
  -0.00487
  -0.60322
  -0.15062
  -0.61721
  -0.48716
  -0.36440
  -0.15730
  -0.73480
  -0.35197
  -0.73403
  -0.32512
  -0.54926
  -0.46966
  -0.06556
  -0.65001
  -0.04004
  -0.04955
  -0.71011
  -0.74711
  -0.47029
  -0.12116
  -0.40413
  -0.44913
  -0.25944
  -0.99362
  -0.67122
  -0.62951
  -1.09942
  -0.34117
  -0.45702
  -0.52486
  -0.14871
  -0.37930
  -0.35630
  -0.86876
  -0.47223
  -0.31486
  -0.32970
  -0.23700
  -0.53779
  -0.06989
  -0.01222
  -0.79011
  -0.34409
  -0.44964
  -1.03535
  -0.39901
  -0.39380
  -0.71443
  -0.41520
  -0.66710